95150
38084
11078
51869
19559
39480
54468
87503
56705
66331
22968
89247
15529
73361
19286
28439
4741
2267
14955
80940
22272
12310
87382
48590
82383
96257
65318
54203
36959
67581
48337
32687
25694
1709
93101
72470
28866
11676
17903
85697
15641
29949
72927
72247
50415
96782
93332
77859
11894
73078
12817
9035
31221
98445
2011
28481
17135
50555
16982
20306
15438
42456
37211
86811
90380
47187
82680
80028
83774
82414
7780
19717
91037
78214
60573
36716
67027
69713
32
72193
64639
90528
9316
45753
45636
80836
6356
82470
55412
81933
78663
7336
55252
29581
28190
71612
26349
80922
76153
76178
8751
60723
74486
10045
43201
48666
52039
39972
70281
64640
95279
58933
28692
88766
88057
78265
88771
72703
92084
81443
17075
89531
35055
3554
72167
70014
93613
39061
34580
71688
84101
84126
47625
68941
23833
90415
41593
10044
96177
51073
91782
98077
48084
47876
71211
36180
51362
10481
64358
74850
91888
49019
33952
78698
3776
60899
7450
33425
71293
39211
26007
66782
2032
34306
36128
18114
84962
48414
23896
50033
87311
86248
78460
68302
49827
38705
77302
10661
86708
73443
43871
785
7419
59506
28014
32798
80624
60305
10754
32393
73377
6496
34759
98339
66190
55107
46568
20180
53572
65295
85042
82940
74037
37661
96033
96149
34609
97697
4586
32149
5539
51956
44003
25904
67113
4077
21234
41274
87313
57614
92369
10697
75341
666
38491
10265
85363
83429
11862
11497
96340
31396
66941
898
19415
39236
41928
96248
12273
34806
30202
26985
43458
96295
76423
88099
32463
60078
82464
13218
23288
35583
55869
65655
57750
17117
47717
60868
88627
428
23581
29507
48901
31843
76267
99719
23560
93120
54789
20506
63479
80822
90587
14949
34695
66498
85854
43246
52416
28571
77067
14492
34489
74856
30936
64566
77199
2795
34938
97065
67330
50619
91121
744
89484
42447
55792
15566
15870
82262
84396
32031
31096
61124
13697
93516
31589
12679
93148
37525
46097
3928
84392
88457
22664
43596
88472
78857
75565
55978
16430
84139
16659
2519
93126
32923
24347
8461
47298
97915
56811
43626
60050
362
55399
56933
23871
95747
45519
86043
46805
87452
55669
17320
36235
36751
2457
38801
88592
75862
32899
33501
57460
94511
55100
12772
73680
83775
16169
84480
91667
13459
78533
60224
48297
78081
9369
77628
26570
12685
69339
71458
41117
23912
40097
41198
88551
63538
82688
33689
94548
30176
27813
25513
44641
48281
57935
28038
94275
1274
89639
77324
40695
4537
67742
66620
61959
47783
88481
71501
63862
73039
70299
48832
97480
45787
4456
69553
65105
98037
97297
89353
35897
78187
88680
84848
85480
16556
86881
59552
17971
40591
78124
78997
69603
58386
36459
20417
25791
34080
38964
96636
47894
1836
46244
43352
92203
21242
75806
77394
50717
66077
58591
58021
86641
4763
3263
44056
89534
23724
84711
60856
12853
68801
85897
4512
33963
49154
53280
70868
91557
53264
73253
81166
68895
54601
54187
22767
33017
13065
59896
52247
89150
1550
76512
17872
61810
7700
37407
52452
25815
96158
80467
10896
73212
97270
54964
54384
96515
23436
95217
28057
11629
44347
87432
76357
95621
81449
2146
30697
98437
86253
79017
23107
16137
61610
85734
79343
27118
30810
26619
15289
80038
44454
77914
53132
92732
50833
61920
96457
47454
60469
58162
78260
76460
86821
69650
99080
83035
13873
11486
68874
40294
25192
90693
97882
42321
96248
20551
43110
27067
20049
45896
56730
4481
24807
70928
70834
2569
13718
90466
72400
43665
73952
73463
16232
45172
18034
6742
67096
41622
50629
95347
15413
85581
78367
3873
27233
60652
54298
30293
45913
42476
1117
32313
66699
67673
17574
58473
34724
83447
14153
66669
60007
76016
70290
17715
25562
40027
86342
36553
41979
61097
33607
54740
73776
83247
32791
28784
27835
67212
80308
60773
72524
51990
96450
22338
86000
96709
50374
2872
37768
22523
36654
31510
7348
4654
37774
92188
57710
68596
52933
11038
62964
97642
51742
25335
43293
99361
15954
69575
33932
55557
76779
41675
24738
37483
96388
56376
28142
52087
89324
89555
4192
93319
69225
79
20827
73312
51929
79108
40872
40627
65907
56009
70183
48235
89612
60143
85793
93685
25622
52505
57369
91788
26435
41851
87328
60737
20679
83566
74024
95172
25755
9965
49168
84209
63774
86991
30750
40665
99222
69473
74956
28972
79252
10847
57209
37568
53141
75471
30143
57217
72677
66107
92260
32309
98111
77737
36554
84010
48623
99224
14018
57375
45528
66073
63678
78892
82385
83848
39747
57998
65994
18661
19901
96275
29612
26483
25548
28542
19871
87501
23837
83960
48037
416
77204
20436
8899
7913
94692
61884
59680
64299
68577
14525
79366
63468
33676
5548
22214
24942
15982
63923
27512
2501
53760
11005
57951
16314
35751
41561
88331
75643
71549
3662
91928
49116
87658
72860
22740
66318
94418
44298
89886
93946
56231
99442
84842
75099
19039
37989
26241
50293
54753
7164
56965
37622
75065
98428
21714
43367
11403
48357
48223
3822
71684
95959
48868
10756
34923
34274
54326
92302
87319
83560
82382
9882
69050
1457
91143
11832
81275
10763
72646
91506
64770
90172
94324
53194
9548
13638
68231
29582
23390
76501
66047
70426
39894
36552
8652
3819
77052
67129
58508
88635
15096
17963
55634
94558
81022
71439
95618
78136
38308
59219
985
5913
75636
86088
40810
6838
90076
63982
82275
84996
8803
21150
95310
96051
12342
53715
53171
46278
72833
76854
10555
25419
39353
79493
14831
76411
16725
81056
53919
71055
2621
53392
98750
66236
2715
80307
27691
88397
44718
91912
29450
89853
86462
65587
82065
25453
70537
36974
87359
65352
94876
8685
37318
33584
50429
74380
28137
67876
16453
18359
54625
95121
11883
56853
75674
63954
82268
83506
43386
581
25318
70760
71841
67691
94515
59946
78667
1884
13204
37868
90419
57285
36723
59826
55602
17247
54954
5971
837
16237
43377
74089
40300
4210
42930
13976
33007
21004
31258
69273
87739
41937
73128
91747
30442
56644
69927
94260
54753
35508
82424
88289
20370
24498
46345
14168
94146
53772
55010
72334
12453
74539
25534
13354
11141
44869
18230
27564
67714
13312
93785
17788
46227
35876
46968
2283
85259
40892
84637
58632
14550
97033
2236
31041
22530
48290
86370
8691
75643
76203
91562
2417
49871
85329
19727
19789
40464
55520
13947
15846
73527
51714
97725
98574
13350
94740
1017
49974
25958
80326
41850
19736
45999
21774
89731
64193
56710
71626
88003
75257
62240
79888
61254
19760
5317
19060
59304
92391
76560
5494
58596
43480
93267
27524
26923
95779
83127
46259
59728
59671
85472
16726
94400
29721
25263
53401
94960
83187
62946
50173
97070
43004
30262
78767
83001
10176
53997
88839
60333
67660
19914
53466
16950
97336
84376
79037
40070
19697
88779
78711
44257
36354
42398
10849
23253
36990
3995
67292
64296
4045
25818
29775
81066
52625
8417
51260
3369
67923
12937
89022
44354
56047
35841
29377
31829
52633
53963
91838
88786
28106
44101
30226
59536
13643
91874
56026
21725
13020
84695
98988
12463
15138
48370
94069
79256
80299
57796
66635
35384
11263
28543
77454
83052
74789
64506
70336
67493
69390
86929
36413
47796
84803
48489
33273
67457
64614
65138
91861
56186
46471
27878
86846
5448
11942
40974
71234
79198
55263
55619
88399
85195
11095
45361
96010
12334
93153
60696
78121
94569
44654
63724
54030
77007
78895
97437
50464
89879
58248
4977
90663
99794
87922
32876
1540
33849
76717
32370
25355
3615
74465
31459
7230
12165
5327
38149
53031
86573
23129
65568
67153
9287
95018
52962
65443
97575
10211
85602
123
43031
90755
35138
29507
75400
43666
99502
22483
11556
90219
64834
59747
56383
23428
92744
32682
29644
75387
92445
74872
63884
42655
11925
62988
10593
60343
10005
60595
48928
90195
51839
5886
38213
2797
54827
67742
55136
72955
12400
21215
86894
90229
97058
70302
46179
28797
88277
98088
2690
8463
44671
90417
86287
42279
55804
11406
29819
23306
68651
11119
25183
74322
98550
70652
64836
82265
29039
61067
69183
30529
40853
71580
89786
27517
21974
27153
3821
84384
55374
42477
70124
7424
41806
31879
38074
42726
12664
70731
18235
66485
4199
80205
61703
57173
36651
39979
1402
3899
209
30111
36616
14487
26690
1469
95150
1337
90402
73647
6211
8896
61624
71083
65422
19169
75054
50317
33649
34000
34350
63798
50659
27054
38668
89857
82812
21040
90403
89822
65417
41895
13943
14637
41919
61329
22234
38648
4076
43292
20714
20941
32329
77170
26487
9239
43692
39590
65794
51224
34521
83513
41601
96805
56152
72648
2944
83614
83299
92470
89473
38312
87478
80978
16996
51433
13449
9861
16353
47200
75833
64378
12434
74366
7586
97546
2926
53093
23849
9923
27408
42939
59285
53172
46390
70506
66654
60375
73765
46680
87422
19644
91946
12702
6053
69646
2044
3240
49448
63205
75965
58056
43065
50407
60318
40950
78353
99227
26306
28168
38762
36876
28443
37834
59242
98070
97105
78427
72569
15120
33057
41636
25363
10518
27266
44117
57497
71889
73763
93117
62370
37925
42927
73797
77808
67768
76147
1418
9437
98490
86838
30294
98707
69557
64359
66330
68762
92370
31797
75402
29005
40037
36695
46837
70822
57207
35532
64639
33944
93774
63580
59037
54395
58427
13694
18476
58945
55935
41811
12398
29959
72987
87535
88834
97384
69362
48856
12862
21291
5981
50502
53260
90973
48236
54667
63231
28761
84660
59436
48561
20068
8505
12909
30266
9365
74937
90699
43471
72241
77490
53763
91348
309
16785
58416
65119
13004
51128
44594
11851
58337
70059
64809
70485
93582
26648
38912
56567
51602
56640
1735
74207
97730
23654
57881
87499
52406
41235
65565
78371
28164
2052
647
13458
92906
85265
37982
20355
21124
19130
49977
49268
2206
97072
33794
52537
63076
70141
77020
51664
70965
38705
769
80861
80437
79562
98916
83138
56769
15967
41334
39772
14174
20681
95812
42204
97802
22638
14717
20608
17012
23404
23441
42446
21736
89695
26260
49932
42050
64175
42786
78431
43396
63768
20573
42495
81091
57207
86258
41555
69307
25582
21114
99566
81154
6773
61244
55525
40218
61086
83023
9387
66112
59970
12862
41836
96354
84140
51108
97794
41742
72290
63446
68055
77061
94924
42688
56728
93198
82659
75879
3154
66823
32631
17518
78445
60534
72828
68277
22017
37373
69810
59195
19192
16876
60560
42596
25474
73136
53389
17781
51407
43082
21194
85660
55661
3227
19775
74445
15998
7259
75585
99463
33940
12809
14732
44854
51724
21212
12083
9585
54501
3735
10305
46403
1595
72507
73419
34567
68229
87607
59316
10124
21351
75771
74332
23576
45716
18026
9318
24361
10307
36846
94341
73942
77005
97893
1730
50357
91073
4344
30348
46197
66436
28269
37757
8779
74280
92370
51845
7115
1864
44826
30134
77740
86525
62469
3051
56590
83904
30647
91989
8471
14077
16330
57827
90520
20464
60543
72589
26287
56926
63344
1085
71334
52883
49153
28795
45464
10515
85013
68404
73300
831
31517
23206
6170
72167
57355
13547
41890
44582
65445
43199
94844
798
24661
96623
41362
72721
95260
73984
30249
43161
18215
6905
94535
43493
506
89967
39150
90864
16392
33099
66022
26175
70245
76697
35385
73047
66163
36816
60344
22809
23320
39097
42555
61915
95249
50077
78598
21476
37247
2416
839
68676
94976
87956
79099
96398
74809
3244
39184
97331
40527
57342
48133
58683
73813
15779
95470
8962
9631
7086
44468
58318
62420
7574
78841
86217
21091
23490
43705
18303
3757
91664
48812
75956
48608
47811
18056
60355
88163
41575
84579
22575
30893
54593
47478
44872
5233
64023
52252
39869
55860
90681
37850
98648
36222
47275
88954
92506
11406
7601
27311
45075
44616
43638
27229
40062
54730
76920
41424
67095
63133
52275
28874
68730
97767
1256
93275
12089
23453
21930
22952
98842
8661
64998
71246
59627
3769
58316
76896
71843
27160
94654
52205
22326
65782
50099
9821
68244
15620
19113
67673
37214
81707
43173
6794
46822
42785
70728
13913
29155
69246
7248
18134
84686
81160
33447
53781
43260
95402
6413
38866
3191
51747
3933
68533
1339
29371
74142
82928
95531
53200
8488
33638
1805
86671
89425
31686
47561
15807
42163
48660
74489
14838
42300
2729
86829
61871
76050
15409
83774
66995
33313
23922
9452
22324
87522
53964
28983
92121
57129
11068
18102
19
29227
50394
70328
54991
55658
54883
63669
39812
66047
89969
76815
75724
17571
50661
4458
15087
13978
9767
20261
97114
53468
40068
1365
65487
63777
29815
16413
22230
99849
99714
57227
9905
45797
92315
81522
52302
75269
55844
48991
58229
73663
56050
83482
69857
73369
85839
99835
22796
15411
39355
13830
32418
24052
49454
18405
91704
29135
96600
11329
52725
